qgis/fire2am/userFolder/fuels (copy).asc
ncols        47
nrows        25
xllcorner    -70.651805555556
yllcorner    -33.434398148148
cellsize     0.000925925926
NODATA_value -32768
 144 124 189 149 147 182 104 189 147 101 142 121 123 106 149 144 161 188 142 147 104 146 107 0 188 163 92 189 105 121 104 186 104 186 108 104 121 144 107 98 121 143 104 103 122 189 145
 181 188 98 145 123 149 186 143 189 121 165 124 162 144 98 106 143 147 186 182 104 107 108 98 123 102 101 144 148 149 0 143 99 101 0 121 101 149 143 124 185 107 164 98 108 101 107
 163 182 99 181 149 142 142 122 101 161 145 93 163 181 108 0 163 142 0 162 142 165 99 101 188 123 121 146 163 102 108 0 146 185 91 93 123 107 104 123 101 161 181 92 144 148 183
 92 182 147 91 164 108 145 93 181 104 102 122 163 149 165 181 121 188 162 123 185 145 186 143 144 164 98 106 124 124 106 181 149 189 186 148 101 145 189 103 164 102 104 185 183 98 186
 163 181 142 181 165 164 98 186 185 188 147 143 149 102 144 142 142 144 148 164 142 146 93 124 142 145 107 124 163 149 122 144 102 103 147 92 107 105 91 186 102 182 148 91 106 144 181
 108 92 103 143 123 108 162 186 182 0 186 121 107 92 183 99 122 189 106 189 161 91 102 101 144 105 164 188 165 145 108 145 161 103 101 124 122 148 124 149 146 162 91 101 124 163 92
 181 122 147 143 143 188 149 164 92 101 143 108 0 183 183 108 144 147 143 98 108 106 92 161 143 181 165 101 104 161 164 161 108 145 103 103 123 121 93 123 189 161 91 188 149 106 98
 124 142 0 121 183 122 188 162 145 165 0 162 143 162 107 147 142 99 165 123 108 149 142 163 147 181 91 108 188 145 102 108 102 123 102 98 148 185 92 189 92 105 99 183 122 93 183
 162 145 123 103 146 104 93 98 142 93 162 124 107 185 162 147 105 145 99 181 121 189 124 0 101 182 181 186 104 161 124 182 103 163 121 188 91 142 103 102 182 0 145 102 143 108 0
 99 122 101 143 143 146 182 147 103 104 108 186 147 104 121 185 149 91 145 189 103 181 144 102 108 104 0 121 102 183 163 183 143 123 103 106 144 92 93 123 102 145 106 147 143 124 186
 144 123 144 99 92 107 98 124 106 0 145 99 104 148 102 161 188 124 98 105 93 144 106 163 165 163 188 143 162 185 189 103 183 142 124 103 99 145 99 189 123 144 105 103 165 108 107
 142 104 108 122 91 121 121 91 183 147 147 104 92 143 181 102 163 149 161 148 92 182 92 189 182 105 98 146 185 186 165 108 123 144 121 144 144 186 185 93 103 181 144 181 103 108 165
 104 164 189 124 102 183 143 161 143 143 162 165 188 149 146 101 121 148 123 104 143 108 107 0 101 161 99 107 162 182 106 143 103 183 0 103 123 98 105 102 181 92 105 163 107 122 102
 145 164 146 106 123 146 107 183 102 189 103 101 188 186 189 108 146 188 98 189 144 0 181 123 123 189 162 104 165 99 164 182 183 143 165 103 103 124 148 123 92 163 106 122 93 121 107
 143 164 181 182 142 188 146 108 188 122 142 163 121 148 122 105 0 182 165 122 182 147 149 99 161 93 92 145 146 102 186 107 165 145 101 92 183 142 122 145 164 144 108 143 0 146 186
 182 181 165 123 108 149 163 189 163 99 108 186 99 103 93 147 121 103 101 92 149 93 163 163 189 99 107 122 183 143 188 103 164 91 104 183 164 142 163 98 164 98 161 161 165 121 102
 186 0 185 102 149 91 145 149 99 144 185 91 162 91 181 93 98 142 163 146 146 123 0 161 182 92 165 163 146 185 181 161 164 121 98 164 164 182 147 186 102 183 146 104 103 123 104
 0 0 162 147 163 161 161 124 186 101 105 104 108 148 101 144 106 101 105 149 99 108 165 183 121 164 101 102 142 162 143 92 99 147 91 163 165 147 122 185 162 102 145 164 106 185 148
 147 144 182 104 92 188 188 185 144 104 108 101 182 92 105 185 165 164 185 108 121 101 124 165 143 122 146 98 181 145 186 183 161 148 163 102 98 182 124 107 108 186 105 149 123 121 91
 121 144 161 149 108 144 186 106 108 147 143 183 99 122 162 164 143 189 163 161 107 181 181 122 183 183 104 147 188 93 99 165 107 105 98 182 161 162 108 149 188 104 147 183 143 121 0
 103 186 103 102 146 186 162 181 0 186 101 161 124 146 146 188 162 189 106 99 143 91 93 146 99 163 106 189 163 186 101 146 91 147 108 142 122 121 163 165 164 146 148 93 144 98 182
 123 188 161 183 161 107 164 183 186 93 147 143 143 99 183 123 162 146 105 161 93 145 142 144 122 163 105 92 164 102 189 142 98 181 162 91 92 181 165 189 181 108 93 103 92 101 182
 104 185 149 107 105 186 124 106 123 181 106 0 108 103 93 93 91 92 102 107 91 122 165 148 143 121 108 99 186 0 186 161 142 105 122 143 108 123 106 148 148 121 144 183 102 122 122
 189 107 142 105 123 142 144 121 148 163 146 101 181 147 107 148 124 98 98 186 183 102 121 106 161 101 147 183 149 122 108 99 148 186 91 124 107 105 147 142 91 163 163 163 143 185 165
 108 185 186 145 162 148 99 149 103 188 104 91 143 107 144 188 161 165 93 186 108 104 145 106 147 186 182 107 91 164 122 121 0 124 106 161 164 92 165 123 92 149 161 163 105 92 149
