qgis/fire2am/userFolder/fuelscopy_clippedBy_polygon.asc
ncols        32
nrows        21
xllcorner    -70.641666672328
yllcorner    -33.431481484156
cellsize     0.000925925926
NODATA_value -32768
 -32768 -32768 -32768 -32768 -32768 -32768 -32768 -32768 -32768 -32768 -32768 -32768 -32768 -32768 -32768 -32768 -32768 -32768 -32768 -32768 -32768 -32768 -32768 -32768 -32768 -32768 -32768 -32768 -32768 -32768 -32768 -32768
 -32768 -32768 -32768 -32768 -32768 -32768 -32768 -32768 162 142 165 99 101 188 123 -32768 -32768 -32768 -32768 -32768 -32768 -32768 -32768 -32768 -32768 -32768 -32768 -32768 -32768 -32768 -32768 -32768
 -32768 -32768 -32768 -32768 -32768 -32768 -32768 162 123 185 145 186 143 144 164 98 106 124 124 106 181 149 -32768 -32768 -32768 -32768 -32768 -32768 -32768 -32768 -32768 -32768
 -32768 -32768 -32768 -32768 -32768 -32768 144 148 164 142 146 93 124 142 145 107 124 163 149 122 144 102 103 147 92 107 105 91 -32768 -32768 -32768 -32768
 -32768 -32768 -32768 -32768 -32768 -32768 189 106 189 161 91 102 101 144 105 164 188 165 145 108 145 161 103 101 124 122 148 124 149 146 162 -32768
 -32768 -32768 -32768 -32768 -32768 144 147 143 98 108 106 92 161 143 181 165 101 104 161 164 161 108 145 103 103 123 121 93 123 189 -32768 -32768
 -32768 -32768 -32768 -32768 147 142 99 165 123 108 149 142 163 147 181 91 108 188 145 102 108 102 123 102 98 148 185 92 189 92 -32768 -32768
 -32768 -32768 -32768 162 147 105 145 99 181 121 189 124 0 101 182 181 186 104 161 124 182 103 163 121 188 91 142 103 102 182 -32768 -32768
 -32768 -32768 104 121 185 149 91 145 189 103 181 144 102 108 104 0 121 102 183 163 183 143 123 103 106 144 92 93 123 -32768 -32768 -32768
 -32768 104 148 102 161 188 124 98 105 93 144 106 163 165 163 188 143 162 185 189 103 183 142 124 103 99 145 99 189 -32768 -32768 -32768
 -32768 92 143 181 102 163 149 161 148 92 182 92 189 182 105 98 146 185 186 165 108 123 144 121 144 144 186 185 -32768 -32768 -32768 -32768
 165 188 149 146 101 121 148 123 104 143 108 107 0 101 161 99 107 162 182 106 143 103 183 0 103 123 98 105 -32768 -32768 -32768 -32768
 -32768 -32768 186 189 108 146 188 98 189 144 0 181 123 123 189 162 104 165 99 164 182 183 143 165 103 103 124 -32768 -32768 -32768 -32768 -32768
 -32768 -32768 -32768 122 105 0 182 165 122 182 147 149 99 161 93 92 145 146 102 186 107 165 145 101 92 183 142 -32768 -32768 -32768 -32768 -32768
 -32768 -32768 -32768 -32768 147 121 103 101 92 149 93 163 163 189 99 107 122 183 143 188 103 164 91 104 183 164 142 -32768 -32768 -32768 -32768 -32768
 -32768 -32768 -32768 -32768 -32768 98 142 163 146 146 123 0 161 182 92 165 163 146 185 181 161 164 121 98 164 164 -32768 -32768 -32768 -32768 -32768 -32768
 -32768 -32768 -32768 -32768 -32768 -32768 101 105 149 99 108 165 183 121 164 101 102 142 162 143 92 99 147 91 163 165 -32768 -32768 -32768 -32768 -32768 -32768
 -32768 -32768 -32768 -32768 -32768 -32768 -32768 185 108 121 101 124 165 143 122 146 98 181 145 186 183 161 148 163 102 -32768 -32768 -32768 -32768 -32768 -32768 -32768
 -32768 -32768 -32768 -32768 -32768 -32768 -32768 -32768 -32768 107 181 181 122 183 183 104 147 188 93 99 -32768 -32768 -32768 -32768 -32768 -32768 -32768 -32768 -32768 -32768 -32768 -32768
 -32768 -32768 -32768 -32768 -32768 -32768 -32768 -32768 -32768 -32768 91 93 146 99 -32768 -32768 -32768 -32768 -32768 -32768 -32768 -32768 -32768 -32768 -32768 -32768 -32768 -32768 -32768 -32768 -32768 -32768
 -32768 -32768 -32768 -32768 -32768 -32768 -32768 -32768 -32768 -32768 -32768 -32768 -32768 -32768 -32768 -32768 -32768 -32768 -32768 -32768 -32768 -32768 -32768 -32768 -32768 -32768 -32768 -32768 -32768 -32768 -32768 -32768
