qgis/fire2am/userFolder/py2.asc
ncols        47
nrows        25
xllcorner    0.000000000000
yllcorner    -25.000000000000
cellsize     1.000000000000
[rows 0 to 17 of 25, columns 0 to 38 of 47]
0.0 0.064971752464771270752 0.12711864709854125977 0.18644067645072937012 0.24293786287307739258 0.29661017656326293945 0.34745761752128601074 0.39548021554946899414 0.44067800045013427734 0.48305085301399230957 0.52259886264801025391 0.55932205915451049805 0.59322035312652587891 0.62429380416870117188 0.65254235267639160156 0.67796611785888671875 0.70056498050689697266 0.72033900022506713867 0.73728811740875244141 0.75141245126724243164 0.76271188259124755859 0.77118641138076782227 0.77683615684509277344 0.77966099977493286133 0.77966099977493286133 0.77683615684509277344 0.77118641138076782227 0.76271188259124755859 0.75141245126724243164 0.73728811740875244141 0.72033900022506713867 0.70056498050689697266 0.67796611785888671875 0.65254235267639160156 0.62429380416870117188 0.59322035312652587891 0.55932205915451049805 0.52259886264801025391 0.48305085301399230957
0.033898305147886276245 0.098870053887367248535 0.16101695597171783447 0.22033900022506713867 0.27683615684509277344 0.33050847053527832031 0.3813559412956237793 0.4293785393238067627 0.4745762944221496582 0.51694917678833007812 0.55649715662002563477 0.59322035312652587891 0.62711864709854125977 0.65819209814071655273 0.68644070625305175781 0.71186441183090209961 0.73446327447891235352 0.75423729419708251953 0.77118641138076782227 0.7853107452392578125 0.79661017656326293945 0.80508476495742797852 0.8107344508171081543 0.81355929374694824219 0.81355929374694824219 0.8107344508171081543 0.80508476495742797852 0.79661017656326293945 0.7853107452392578125 0.77118641138076782227 0.75423729419708251953 0.73446327447891235352 0.71186441183090209961 0.68644070625305175781 0.65819209814071655273 0.62711864709854125977 0.59322035312652587891 0.55649715662002563477 0.51694917678833007812
0.064971752464771270752 0.1299435049295425415 0.19209039211273193359 0.25141242146492004395 0.30790960788726806641 0.36158192157745361328 0.41242939233779907227 0.46045199036598205566 0.50564974546432495117 0.54802262783050537109 0.58757060766220092773 0.62429380416870117188 0.65819209814071655273 0.6892655491828918457 0.71751409769058227539 0.74293786287307739258 0.76553672552108764648 0.7853107452392578125 0.80225986242294311523 0.81638419628143310547 0.82768362760543823242 0.83615821599960327148 0.84180790185928344727 0.84463274478912353516 0.84463274478912353516 0.84180790185928344727 0.83615821599960327148 0.82768362760543823242 0.81638419628143310547 0.80225986242294311523 0.7853107452392578125 0.76553672552108764648 0.74293786287307739258 0.71751409769058227539 0.6892655491828918457 0.65819209814071655273 0.62429380416870117188 0.58757060766220092773 0.54802262783050537109
0.093220338225364685059 0.15819208323955535889 0.22033900022506713867 0.27966102957725524902 0.33615818619728088379 0.38983049988746643066 0.44067800045013427734 0.48870056867599487305 0.53389829397201538086 0.57627117633819580078 0.61581921577453613281 0.65254235267639160156 0.68644070625305175781 0.71751409769058227539 0.74576270580291748047 0.77118641138076782227 0.79378533363342285156 0.81355929374694824219 0.83050847053527832031 0.84463274478912353516 0.85593217611312866211 0.86440670490264892578 0.87005656957626342773 0.87288135290145874023 0.87288135290145874023 0.87005656957626342773 0.86440670490264892578 0.85593217611312866211 0.84463274478912353516 0.83050847053527832031 0.81355929374694824219 0.79378533363342285156 0.77118641138076782227 0.74576270580291748047 0.71751409769058227539 0.68644070625305175781 0.65254235267639160156 0.61581921577453613281 0.57627117633819580078
0.11864407360553741455 0.18361581861972808838 0.24576272070407867432 0.30508473515510559082 0.36158192157745361328 0.41525423526763916016 0.46610170602798461914 0.51412427425384521484 0.55932205915451049805 0.60169494152069091797 0.64124292135238647461 0.67796611785888671875 0.71186441183090209961 0.74293786287307739258 0.77118641138076782227 0.79661017656326293945 0.81920903921127319336 0.83898305892944335938 0.85593217611312866211 0.87005656957626342773 0.88135600090026855469 0.88983052968978881836 0.89548021554946899414 0.89830499887466430664 0.89830499887466430664 0.89548021554946899414 0.88983052968978881836 0.88135600090026855469 0.87005656957626342773 0.85593217611312866211 0.83898305892944335938 0.81920903921127319336 0.79661017656326293945 0.77118641138076782227 0.74293786287307739258 0.71186441183090209961 0.67796611785888671875 0.64124292135238647461 0.60169494152069091797
0.14124293625354766846 0.20621469616889953613 0.26836156845092773438 0.32768362760543823242 0.38418078422546386719 0.43785306811332702637 0.48870056867599487305 0.53672313690185546875 0.58192092180252075195 0.62429380416870117188 0.66384178400039672852 0.70056498050689697266 0.73446327447891235352 0.76553672552108764648 0.79378533363342285156 0.81920903921127319336 0.84180790185928344727 0.86158192157745361328 0.87853109836578369141 0.89265543222427368164 0.90395486354827880859 0.91242939233779907227 0.91807907819747924805 0.92090398073196411133 0.92090398073196411133 0.91807907819747924805 0.91242939233779907227 0.90395486354827880859 0.89265543222427368164 0.87853109836578369141 0.86158192157745361328 0.84180790185928344727 0.81920903921127319336 0.79378533363342285156 0.76553672552108764648 0.73446327447891235352 0.70056498050689697266 0.66384178400039672852 0.62429380416870117188
0.16101695597171783447 0.22598871588706970215 0.28813558816909790039 0.34745761752128601074 0.4039548039436340332 0.45762714743614196777 0.50847458839416503906 0.55649715662002563477 0.60169494152069091797 0.64406782388687133789 0.68361580371856689453 0.72033900022506713867 0.75423729419708251953 0.7853107452392578125 0.81355929374694824219 0.83898305892944335938 0.86158192157745361328 0.88135600090026855469 0.89830499887466430664 0.91242939233779907227 0.92372876405715942383 0.93220341205596923828 0.93785315752029418945 0.94067794084548950195 0.94067794084548950195 0.93785315752029418945 0.93220341205596923828 0.92372876405715942383 0.91242939233779907227 0.89830499887466430664 0.88135600090026855469 0.86158192157745361328 0.83898305892944335938 0.81355929374694824219 0.7853107452392578125 0.75423729419708251953 0.72033900022506713867 0.68361580371856689453 0.64406782388687133789
0.1779661029577255249 0.24293786287307739258 0.30508473515510559082 0.36440679430961608887 0.42090395092964172363 0.4745762944221496582 0.5254237055778503418 0.57344633340835571289 0.6186440587043762207 0.66101694107055664062 0.70056498050689697266 0.73728811740875244141 0.77118641138076782227 0.80225986242294311523 0.83050847053527832031 0.85593217611312866211 0.87853109836578369141 0.89830499887466430664 0.91525429487228393555 0.929378509521484375 0.94067794084548950195 0.94915258884429931641 0.95480227470397949219 0.95762705802917480469 0.95762705802917480469 0.95480227470397949219 0.94915258884429931641 0.94067794084548950195 0.929378509521484375 0.91525429487228393555 0.89830499887466430664 0.87853109836578369141 0.85593217611312866211 0.83050847053527832031 0.80225986242294311523 0.77118641138076782227 0.73728811740875244141 0.70056498050689697266 0.66101694107055664062
0.19209039211273193359 0.25706213712692260742 0.31920903921127319336 0.37853106856346130371 0.43502828478813171387 0.48870056867599487305 0.53954803943634033203 0.58757060766220092773 0.63276833295822143555 0.67514121532440185547 0.7146892547607421875 0.75141245126724243164 0.7853107452392578125 0.81638419628143310547 0.84463274478912353516 0.87005656957626342773 0.89265543222427368164 0.91242939233779907227 0.929378509521484375 0.94350284337997436523 0.95480227470397949219 0.96327692270278930664 0.96892648935317993164 0.97175145149230957031 0.97175145149230957031 0.96892648935317993164 0.96327692270278930664 0.95480227470397949219 0.94350284337997436523 0.929378509521484375 0.91242939233779907227 0.89265543222427368164 0.87005656957626342773 0.84463274478912353516 0.81638419628143310547 0.7853107452392578125 0.75141245126724243164 0.7146892547607421875 0.67514121532440185547
0.20338982343673706055 0.26836156845092773438 0.33050847053527832031 0.38983049988746643066 0.44632771611213684082 0.5 0.55084747076034545898 0.59887003898620605469 0.64406782388687133789 0.68644070625305175781 0.72598868608474731445 0.76271188259124755859 0.79661017656326293945 0.82768362760543823242 0.85593217611312866211 0.88135600090026855469 0.90395486354827880859 0.92372876405715942383 0.94067794084548950195 0.95480227470397949219 0.96610170602798461914 0.97457635402679443359 0.98022592067718505859 0.98305088281631469727 0.98305088281631469727 0.98022592067718505859 0.97457635402679443359 0.96610170602798461914 0.95480227470397949219 0.94067794084548950195 0.92372876405715942383 0.90395486354827880859 0.88135600090026855469 0.85593217611312866211 0.82768362760543823242 0.79661017656326293945 0.76271188259124755859 0.72598868608474731445 0.68644070625305175781
0.21186441183090209961 0.27683615684509277344 0.33898305892944335938 0.39830508828163146973 0.45480227470397949219 0.50847458839416503906 0.55932205915451049805 0.60734462738037109375 0.65254235267639160156 0.69491523504257202148 0.73446327447891235352 0.77118641138076782227 0.80508476495742797852 0.83615821599960327148 0.86440670490264892578 0.88983052968978881836 0.91242939233779907227 0.93220341205596923828 0.94915258884429931641 0.96327692270278930664 0.97457635402679443359 0.98305088281631469727 0.98870056867599487305 0.99152535200119018555 0.99152535200119018555 0.98870056867599487305 0.98305088281631469727 0.97457635402679443359 0.96327692270278930664 0.94915258884429931641 0.93220341205596923828 0.91242939233779907227 0.88983052968978881836 0.86440670490264892578 0.83615821599960327148 0.80508476495742797852 0.77118641138076782227 0.73446327447891235352 0.69491523504257202148
0.21751414239406585693 0.28248587250709533691 0.34463277459144592285 0.4039548039436340332 0.46045199036598205566 0.51412427425384521484 0.56497174501419067383 0.61299437284469604492 0.65819209814071655273 0.70056498050689697266 0.74011301994323730469 0.77683615684509277344 0.8107344508171081543 0.84180790185928344727 0.87005656957626342773 0.89548021554946899414 0.91807907819747924805 0.93785315752029418945 0.95480227470397949219 0.96892648935317993164 0.98022592067718505859 0.98870056867599487305 0.99435031414031982422 0.9971752166748046875 0.9971752166748046875 0.99435031414031982422 0.98870056867599487305 0.98022592067718505859 0.96892648935317993164 0.95480227470397949219 0.93785315752029418945 0.91807907819747924805 0.89548021554946899414 0.87005656957626342773 0.84180790185928344727 0.8107344508171081543 0.77683615684509277344 0.74011301994323730469 0.70056498050689697266
0.22033900022506713867 0.2853107452392578125 0.34745761752128601074 0.40677964687347412109 0.46327686309814453125 0.51694917678833007812 0.56779658794403076172 0.61581921577453613281 0.66101694107055664062 0.70338982343673706055 0.74293786287307739258 0.77966099977493286133 0.81355929374694824219 0.84463274478912353516 0.87288135290145874023 0.89830499887466430664 0.92090398073196411133 0.94067794084548950195 0.95762705802917480469 0.97175145149230957031 0.98305088281631469727 0.99152535200119018555 0.9971752166748046875 1 1 0.9971752166748046875 0.99152535200119018555 0.98305088281631469727 0.97175145149230957031 0.95762705802917480469 0.94067794084548950195 0.92090398073196411133 0.89830499887466430664 0.87288135290145874023 0.84463274478912353516 0.81355929374694824219 0.77966099977493286133 0.74293786287307739258 0.70338982343673706055
0.22033900022506713867 0.2853107452392578125 0.34745761752128601074 0.40677964687347412109 0.46327686309814453125 0.51694917678833007812 0.56779658794403076172 0.61581921577453613281 0.66101694107055664062 0.70338982343673706055 0.74293786287307739258 0.77966099977493286133 0.81355929374694824219 0.84463274478912353516 0.87288135290145874023 0.89830499887466430664 0.92090398073196411133 0.94067794084548950195 0.95762705802917480469 0.97175145149230957031 0.98305088281631469727 0.99152535200119018555 0.9971752166748046875 1 1 0.9971752166748046875 0.99152535200119018555 0.98305088281631469727 0.97175145149230957031 0.95762705802917480469 0.94067794084548950195 0.92090398073196411133 0.89830499887466430664 0.87288135290145874023 0.84463274478912353516 0.81355929374694824219 0.77966099977493286133 0.74293786287307739258 0.70338982343673706055
0.21751414239406585693 0.28248587250709533691 0.34463277459144592285 0.4039548039436340332 0.46045199036598205566 0.51412427425384521484 0.56497174501419067383 0.61299437284469604492 0.65819209814071655273 0.70056498050689697266 0.74011301994323730469 0.77683615684509277344 0.8107344508171081543 0.84180790185928344727 0.87005656957626342773 0.89548021554946899414 0.91807907819747924805 0.93785315752029418945 0.95480227470397949219 0.96892648935317993164 0.98022592067718505859 0.98870056867599487305 0.99435031414031982422 0.9971752166748046875 0.9971752166748046875 0.99435031414031982422 0.98870056867599487305 0.98022592067718505859 0.96892648935317993164 0.95480227470397949219 0.93785315752029418945 0.91807907819747924805 0.89548021554946899414 0.87005656957626342773 0.84180790185928344727 0.8107344508171081543 0.77683615684509277344 0.74011301994323730469 0.70056498050689697266
0.21186441183090209961 0.27683615684509277344 0.33898305892944335938 0.39830508828163146973 0.45480227470397949219 0.50847458839416503906 0.55932205915451049805 0.60734462738037109375 0.65254235267639160156 0.69491523504257202148 0.73446327447891235352 0.77118641138076782227 0.80508476495742797852 0.83615821599960327148 0.86440670490264892578 0.88983052968978881836 0.91242939233779907227 0.93220341205596923828 0.94915258884429931641 0.96327692270278930664 0.97457635402679443359 0.98305088281631469727 0.98870056867599487305 0.99152535200119018555 0.99152535200119018555 0.98870056867599487305 0.98305088281631469727 0.97457635402679443359 0.96327692270278930664 0.94915258884429931641 0.93220341205596923828 0.91242939233779907227 0.88983052968978881836 0.86440670490264892578 0.83615821599960327148 0.80508476495742797852 0.77118641138076782227 0.73446327447891235352 0.69491523504257202148
0.20338982343673706055 0.26836156845092773438 0.33050847053527832031 0.38983049988746643066 0.44632771611213684082 0.5 0.55084747076034545898 0.59887003898620605469 0.64406782388687133789 0.68644070625305175781 0.72598868608474731445 0.76271188259124755859 0.79661017656326293945 0.82768362760543823242 0.85593217611312866211 0.88135600090026855469 0.90395486354827880859 0.92372876405715942383 0.94067794084548950195 0.95480227470397949219 0.96610170602798461914 0.97457635402679443359 0.98022592067718505859 0.98305088281631469727 0.98305088281631469727 0.98022592067718505859 0.97457635402679443359 0.96610170602798461914 0.95480227470397949219 0.94067794084548950195 0.92372876405715942383 0.90395486354827880859 0.88135600090026855469 0.85593217611312866211 0.82768362760543823242 0.79661017656326293945 0.76271188259124755859 0.72598868608474731445 0.68644070625305175781
0.19209039211273193359 0.25706213712692260742 0.31920903921127319336 0.37853106856346130371 0.43502828478813171387 0.48870056867599487305 0.53954803943634033203 0.58757060766220092773 0.63276833295822143555 0.67514121532440185547 0.7146892547607421875 0.75141245126724243164 0.7853107452392578125 0.81638419628143310547 0.84463274478912353516 0.87005656957626342773 0.89265543222427368164 0.91242939233779907227 0.929378509521484375 0.94350284337997436523 0.95480227470397949219 0.96327692270278930664 0.96892648935317993164 0.97175145149230957031 0.97175145149230957031 0.96892648935317993164 0.96327692270278930664 0.95480227470397949219 0.94350284337997436523 0.929378509521484375 0.91242939233779907227 0.89265543222427368164 0.87005656957626342773 0.84463274478912353516 0.81638419628143310547 0.7853107452392578125 0.75141245126724243164 0.7146892547607421875 0.67514121532440185547
