elevation/dem_30m.asc
ncols        156
nrows        82
xllcorner    -70.651805555556
yllcorner    -33.434027777778
cellsize     0.000277777778
NODATA_value -32768
[rows 0 to 41 of 82, columns 0 to 93 of 156]
549 550 550 550 548 547 547 546 545 545 546 547 547 547 548 547 546 546 547 546 546 546 547 547 548 548 548 548 548 548 547 547 548 549 547 547 550 552 551 549 548 547 547 547 546 545 545 544 544 545 545 546 546 547 546 545 543 543 543 543 542 541 541 541 542 542 541 539 538 538 538 538 538 537 537 536 537 536 536 535 535 536 537 538 538 537 537 537 536 535 534 534 535 538
549 549 550 550 549 547 547 548 548 548 547 548 548 548 548 547 548 548 548 547 546 546 547 548 549 550 550 550 551 550 548 548 549 549 549 549 550 551 552 553 551 549 548 549 549 548 547 546 546 546 546 545 545 545 545 545 543 541 541 541 541 542 542 542 542 542 542 541 541 541 540 540 540 540 539 540 540 540 539 539 541 541 543 542 542 542 540 539 539 539 539 539 539 540
549 549 548 548 548 546 546 548 548 548 547 547 548 548 548 549 551 551 550 547 546 547 549 551 551 550 550 550 551 550 549 549 549 549 549 550 550 552 554 554 552 549 547 548 548 547 547 547 546 546 546 545 545 545 545 545 543 542 542 542 542 542 542 541 541 542 542 542 542 541 540 539 539 539 539 540 541 540 540 542 543 544 543 543 543 543 541 540 541 542 542 541 540 541
549 549 548 548 548 546 546 548 548 548 547 547 548 548 548 549 551 551 550 547 546 547 549 551 551 550 550 550 551 550 549 549 549 549 549 550 550 552 554 554 552 549 547 548 548 547 547 547 546 546 546 545 545 545 545 545 543 542 542 542 542 542 542 541 541 542 542 542 542 541 540 539 539 539 539 540 541 540 540 542 543 544 543 543 543 543 541 540 541 542 542 541 540 541
549 548 548 548 548 547 547 548 549 550 549 548 549 550 550 549 551 552 552 551 550 549 549 550 551 551 550 549 549 549 550 551 551 551 550 550 550 551 552 550 548 546 548 549 547 546 547 548 548 549 548 546 546 546 545 544 544 545 545 545 544 544 544 543 543 543 543 544 543 542 541 541 541 541 540 541 542 543 544 545 546 546 547 551 552 550 549 547 546 548 550 551 550 549
549 548 548 548 548 547 547 548 549 550 549 548 549 550 550 549 551 552 552 551 550 549 549 550 551 551 550 549 549 549 550 551 551 551 550 550 550 551 552 550 548 546 548 549 547 546 547 548 548 549 548 546 546 546 545 544 544 545 545 545 544 544 544 543 543 543 543 544 543 542 541 541 541 541 540 541 542 543 544 545 546 546 547 551 552 550 549 547 546 548 550 551 550 549
550 550 549 548 548 547 548 549 551 551 550 549 550 551 550 550 551 552 553 552 552 551 550 550 551 552 551 550 548 549 550 552 552 552 551 550 550 551 551 550 547 545 548 549 548 547 547 548 549 550 550 548 547 547 546 545 545 545 546 545 544 544 544 544 543 544 544 544 544 543 543 543 543 542 541 542 544 546 547 549 551 551 553 554 556 553 550 549 549 551 553 554 553 555
553 553 551 550 550 551 551 551 551 551 550 551 552 554 552 549 549 550 551 551 551 551 549 550 550 552 552 552 552 551 551 552 553 554 553 552 552 552 553 553 551 550 551 551 551 549 549 549 550 551 551 550 549 549 548 546 547 547 546 545 545 545 545 544 543 543 545 547 547 546 546 546 547 548 550 553 556 561 564 565 564 564 565 566 564 563 565 566 565 564 565 563 563 566
554 553 551 551 552 553 553 552 552 552 551 550 552 553 552 550 550 551 551 550 550 551 550 549 550 550 552 552 552 551 551 552 553 554 554 553 552 552 553 554 552 551 551 552 551 550 550 551 551 551 551 550 549 548 547 547 547 546 545 545 545 546 546 545 544 544 546 548 549 549 548 549 553 556 561 565 569 572 577 576 575 575 573 570 571 573 574 574 573 571 571 571 572 574
553 553 553 553 553 554 553 553 553 552 551 551 552 552 552 552 552 552 551 550 549 550 550 549 549 550 552 552 552 551 551 552 553 553 554 553 552 551 551 551 551 551 551 551 551 550 551 552 552 551 551 550 549 548 547 547 547 547 546 546 546 546 547 547 546 546 547 549 550 551 553 557 561 568 576 583 585 585 586 586 586 585 583 579 581 583 584 583 584 583 582 582 580 581
552 554 554 554 554 555 555 554 554 554 552 552 552 553 553 553 553 552 552 551 549 550 550 551 551 552 553 554 554 553 551 551 552 552 553 552 551 551 550 551 551 552 551 551 551 550 551 551 551 550 550 550 550 549 549 549 549 547 548 547 546 546 547 549 549 549 549 551 551 554 559 565 571 579 590 597 598 597 597 597 593 591 589 588 589 589 590 594 594 591 590 589 588 589
552 554 554 554 554 555 555 554 554 554 552 552 552 553 553 553 553 552 552 551 549 550 550 551 551 552 553 554 554 553 551 551 552 552 553 552 551 551 550 551 551 552 551 551 551 550 551 551 551 550 550 550 550 549 549 549 549 547 548 547 546 546 547 549 549 549 549 551 551 554 559 565 571 579 590 597 598 597 597 597 593 591 589 588 589 589 590 594 594 591 590 589 588 589
553 554 555 556 556 557 559 559 559 557 555 554 555 554 554 552 551 550 550 551 551 550 551 554 556 556 554 553 553 554 553 553 553 552 552 552 552 552 552 553 553 553 553 552 552 552 552 552 552 551 550 550 549 550 552 553 552 551 551 551 552 552 553 553 553 555 556 559 565 571 577 584 593 605 615 620 624 623 621 618 613 607 600 598 598 598 602 606 610 608 608 602 598 600
553 554 554 554 555 557 558 558 557 555 555 555 554 554 554 553 552 550 549 551 552 552 552 554 555 554 553 552 553 553 554 554 553 552 553 553 553 553 554 554 554 554 553 553 553 554 553 553 552 551 550 550 550 550 551 553 553 554 553 553 553 556 555 556 557 560 563 567 572 577 586 594 608 616 625 630 636 637 632 627 625 619 610 605 605 606 609 614 618 621 618 611 608 610
553 554 554 554 555 557 558 558 557 555 555 555 554 554 554 553 552 550 549 551 552 552 552 554 555 554 553 552 553 553 554 554 553 552 553 553 553 553 554 554 554 554 553 553 553 554 553 553 552 551 550 550 550 550 551 553 553 554 553 553 553 556 555 556 557 560 563 567 572 577 586 594 608 616 625 630 636 637 632 627 625 619 610 605 605 606 609 614 618 621 618 611 608 610
552 552 552 552 554 556 556 555 555 554 554 554 555 556 558 556 554 553 551 551 552 552 552 553 553 553 554 555 555 554 554 554 554 555 556 555 555 555 555 556 556 556 555 556 557 558 557 554 551 551 552 553 553 555 556 557 558 559 560 560 560 561 561 562 564 572 581 585 590 600 613 627 640 650 657 655 653 651 651 645 638 636 632 626 624 620 620 623 631 636 635 634 637 643
552 552 553 555 556 557 556 555 556 555 554 553 553 556 556 556 555 554 554 554 552 551 551 551 552 553 554 555 556 556 556 556 556 557 557 557 556 556 556 556 556 556 556 556 557 557 556 554 552 552 553 555 555 556 558 560 564 566 565 565 565 568 567 568 573 582 590 595 602 612 622 633 645 656 663 665 663 663 658 652 648 643 639 635 634 631 629 633 640 646 649 648 652 656
552 552 553 555 556 557 556 555 556 555 554 553 553 556 556 556 555 554 554 554 552 551 551 551 552 553 554 555 556 556 556 556 556 557 557 557 556 556 556 556 556 556 556 556 557 557 556 554 552 552 553 555 555 556 558 560 564 566 565 565 565 568 567 568 573 582 590 595 602 612 622 633 645 656 663 665 663 663 658 652 648 643 639 635 634 631 629 633 640 646 649 648 652 656
556 557 558 559 560 560 558 556 556 557 555 553 553 553 554 554 554 555 557 557 556 556 555 557 558 559 558 557 557 556 556 556 556 556 557 557 557 556 556 558 559 559 558 556 556 556 555 555 554 554 554 556 562 567 570 572 576 579 583 584 584 588 593 596 598 600 606 612 619 629 643 658 670 682 687 688 685 684 679 673 667 662 655 654 652 649 651 658 662 663 671 679 680 679
556 557 558 559 560 560 558 556 556 557 555 553 553 553 554 554 554 555 557 557 556 556 555 557 558 559 558 557 557 556 556 556 556 556 557 557 557 556 556 558 559 559 558 556 556 556 555 555 554 554 554 556 562 567 570 572 576 579 583 584 584 588 593 596 598 600 606 612 619 629 643 658 670 682 687 688 685 684 679 673 667 662 655 654 652 649 651 658 662 663 671 679 680 679
558 558 559 560 560 559 557 555 555 556 555 556 556 556 555 553 552 553 559 563 564 564 570 577 581 579 576 567 560 557 557 558 558 558 558 558 559 558 557 557 559 558 557 556 556 557 557 557 557 557 563 571 577 586 591 595 598 603 610 610 612 615 619 620 622 625 631 639 644 651 666 679 693 702 707 708 703 697 694 695 694 688 682 680 682 680 681 688 693 699 711 717 713 714
558 557 557 559 559 558 556 556 556 556 556 557 557 557 555 555 556 559 563 566 568 573 577 581 585 586 579 568 562 559 558 559 559 559 557 558 559 558 557 556 558 558 559 558 557 557 558 558 558 559 566 574 581 589 598 600 604 613 621 624 627 630 633 635 637 640 648 652 656 663 672 684 698 709 716 716 713 710 713 713 710 704 695 694 693 693 700 708 712 717 725 731 730 730
558 557 557 559 559 558 556 556 556 556 556 557 557 557 555 555 556 559 563 566 568 573 577 581 585 586 579 568 562 559 558 559 559 559 557 558 559 558 557 556 558 558 559 558 557 557 558 558 558 559 566 574 581 589 598 600 604 613 621 624 627 630 633 635 637 640 648 652 656 663 672 684 698 709 716 716 713 710 713 713 710 704 695 694 693 693 700 708 712 717 725 731 730 730
559 557 554 555 558 558 557 557 556 555 555 555 554 554 555 559 565 572 580 585 590 599 603 606 601 594 578 569 561 558 557 557 558 559 559 559 561 564 564 563 562 561 563 562 558 558 559 560 563 566 569 577 587 599 610 619 629 639 650 655 659 662 661 663 667 670 672 673 677 686 693 701 716 727 735 743 743 742 738 740 743 747 748 746 745 733 734 741 748 756 757 762 763 762
559 556 553 554 556 557 556 555 554 554 554 553 552 553 556 560 569 578 584 587 593 597 606 613 612 593 579 567 563 560 559 559 559 559 559 562 568 569 569 567 563 562 563 562 561 560 560 563 569 573 578 585 595 606 617 628 638 650 657 664 671 674 677 682 688 691 691 684 686 698 705 714 725 733 741 750 755 756 754 750 752 754 754 753 752 756 761 767 773 774 776 776 777 776
559 556 553 554 556 557 556 555 554 554 554 553 552 553 556 560 569 578 584 587 593 597 606 613 612 593 579 567 563 560 559 559 559 559 559 562 568 569 569 567 563 562 563 562 561 560 560 563 569 573 578 585 595 606 617 628 638 650 657 664 671 674 677 682 688 691 691 684 686 698 705 714 725 733 741 750 755 756 754 750 752 754 754 753 752 756 761 767 773 774 776 776 777 776
560 561 561 561 559 558 558 557 556 556 558 558 558 560 564 571 578 585 597 603 610 617 618 619 614 596 579 568 562 563 563 563 564 564 563 562 564 566 565 563 563 563 563 561 563 566 570 573 578 586 592 599 609 626 647 663 669 674 676 679 683 688 693 699 706 713 721 722 725 730 739 747 754 758 765 768 778 784 780 778 780 785 786 790 793 794 793 796 801 808 808 807 800 791
560 561 561 561 559 558 558 557 556 556 558 558 558 560 564 571 578 585 597 603 610 617 618 619 614 596 579 568 562 563 563 563 564 564 563 562 564 566 565 563 563 563 563 561 563 566 570 573 578 586 592 599 609 626 647 663 669 674 676 679 683 688 693 699 706 713 721 722 725 730 739 747 754 758 765 768 778 784 780 778 780 785 786 790 793 794 793 796 801 808 808 807 800 791
559 560 561 560 560 559 559 559 560 559 559 560 561 563 572 581 586 597 617 632 636 635 632 628 613 596 578 566 562 561 561 561 562 563 565 564 563 563 564 563 563 564 566 570 572 578 581 588 593 600 611 620 636 651 665 683 691 693 690 690 698 707 719 729 733 736 742 749 754 757 759 764 773 784 796 802 810 815 818 822 828 835 841 831 831 833 833 831 832 832 828 820 814 807
558 559 559 559 560 560 560 561 561 562 561 563 562 567 578 589 597 606 624 636 640 641 633 622 601 588 575 565 563 562 562 563 563 563 564 564 564 564 565 564 563 563 567 572 581 585 593 600 606 613 623 637 652 667 683 699 702 702 701 701 706 718 728 735 739 745 750 757 760 763 769 777 782 788 798 813 828 840 846 850 856 858 864 859 852 854 854 847 844 839 833 822 812 806
558 559 559 559 560 560 560 561 561 562 561 563 562 567 578 589 597 606 624 636 640 641 633 622 601 588 575 565 563 562 562 563 563 563 564 564 564 564 565 564 563 563 567 572 581 585 593 600 606 613 623 637 652 667 683 699 702 702 701 701 706 718 728 735 739 745 750 757 760 763 769 777 782 788 798 813 828 840 846 850 856 858 864 859 852 854 854 847 844 839 833 822 812 806
560 558 558 558 560 561 562 562 561 560 560 561 564 573 587 601 607 616 621 627 631 631 623 609 594 582 571 565 563 564 564 564 565 565 565 565 564 565 566 568 569 577 582 590 600 610 622 629 630 640 653 665 679 688 699 715 721 721 725 727 733 742 747 749 751 755 765 774 778 783 786 792 801 809 827 847 863 874 880 881 881 879 877 877 873 864 854 846 838 834 828 817 806 797
562 559 557 557 558 559 562 561 561 560 561 561 564 572 584 597 607 613 616 618 620 619 615 604 590 578 569 564 563 564 564 564 564 565 565 565 564 564 566 568 570 578 585 596 607 618 631 639 641 652 666 679 687 692 704 720 728 732 737 742 746 750 757 759 765 771 780 785 789 796 801 810 819 829 846 864 877 887 886 885 883 879 875 873 868 856 845 836 829 827 822 811 801 792
562 559 557 557 558 559 562 561 561 560 561 561 564 572 584 597 607 613 616 618 620 619 615 604 590 578 569 564 563 564 564 564 564 565 565 565 564 564 566 568 570 578 585 596 607 618 631 639 641 652 666 679 687 692 704 720 728 732 737 742 746 750 757 759 765 771 780 785 789 796 801 810 819 829 846 864 877 887 886 885 883 879 875 873 868 856 845 836 829 827 822 811 801 792
562 559 557 557 557 559 560 561 561 561 562 564 570 576 585 595 605 608 610 610 609 608 605 596 585 574 567 565 566 566 567 566 565 565 565 565 565 565 566 569 571 575 586 599 612 621 629 636 644 653 664 673 684 696 707 720 728 733 741 751 755 764 772 779 784 788 794 798 802 804 812 823 834 842 856 868 884 889 889 886 879 876 870 865 857 849 839 828 820 820 816 804 794 792
560 559 560 560 559 558 558 559 561 564 566 566 572 575 580 584 585 588 590 593 592 587 581 575 571 567 564 566 566 565 565 565 565 566 567 569 571 572 572 570 569 570 575 584 596 607 616 624 633 643 648 658 672 685 698 705 710 718 729 738 748 762 773 786 800 808 813 818 829 836 839 849 866 871 866 865 867 867 861 855 851 850 845 844 840 835 828 820 811 810 807 797 790 790
559 559 560 561 562 560 561 561 563 565 566 564 565 567 571 573 574 575 579 581 580 575 571 568 568 566 565 565 565 564 564 564 565 567 568 569 570 573 574 570 568 570 573 579 589 600 609 618 626 634 644 655 671 681 690 694 698 707 717 729 738 755 769 783 797 813 824 834 846 852 863 866 880 878 867 860 854 848 847 842 837 831 828 829 831 826 820 812 805 803 802 797 791 788
559 559 559 562 563 564 563 564 564 565 565 564 562 563 564 567 567 568 570 572 571 568 567 568 568 567 566 566 565 564 564 565 566 567 567 567 568 570 572 570 568 568 571 579 590 597 603 610 618 627 637 649 662 673 681 684 688 697 706 715 726 743 763 779 792 807 824 836 846 858 865 878 883 874 861 844 838 834 833 829 823 817 816 815 813 812 810 808 804 801 798 796 788 776
559 559 559 562 563 564 563 564 564 565 565 564 562 563 564 567 567 568 570 572 571 568 567 568 568 567 566 566 565 564 564 565 566 567 567 567 568 570 572 570 568 568 571 579 590 597 603 610 618 627 637 649 662 673 681 684 688 697 706 715 726 743 763 779 792 807 824 836 846 858 865 878 883 874 861 844 838 834 833 829 823 817 816 815 813 812 810 808 804 801 798 796 788 776
561 561 561 562 563 565 564 565 565 564 563 563 564 565 566 567 566 565 566 567 566 567 567 567 567 566 567 567 567 567 567 567 567 567 567 568 568 568 570 570 569 566 564 568 575 583 588 597 606 618 624 631 640 647 651 659 670 675 687 701 713 725 747 766 783 796 812 827 843 853 854 853 849 837 827 824 821 813 806 802 800 793 789 789 792 790 789 789 793 795 792 782 774 769
560 561 561 561 563 563 564 564 565 564 563 563 563 563 565 566 565 564 564 564 565 566 566 566 565 565 568 568 569 568 567 567 567 568 567 567 568 568 570 571 571 570 569 569 573 578 583 589 599 606 614 622 629 634 638 647 656 668 683 697 708 721 739 759 775 792 809 825 842 848 848 842 837 828 818 815 813 803 794 790 783 776 772 775 779 778 775 773 777 780 777 768 767 762
560 561 561 561 563 563 564 564 565 564 563 563 563 563 565 566 565 564 564 564 565 566 566 566 565 565 568 568 569 568 567 567 567 568 567 567 568 568 570 571 571 570 569 569 573 578 583 589 599 606 614 622 629 634 638 647 656 668 683 697 708 721 739 759 775 792 809 825 842 848 848 842 837 828 818 815 813 803 794 790 783 776 772 775 779 778 775 773 777 780 777 768 767 762
